#Patrones del 0
1 1 1 1 1 1 0 0 0 1 1 0 0 1 1 1 0 1 0 1 1 1 0 0 1 1 0 0 0 1 1 1 1 1 1 0
1 1 1 1 1 1 0 0 0 1 1 0 0 0 1 1 0 0 0 1 1 0 0 0 1 1 0 0 0 1 1 1 1 1 1 0
0 1 1 1 0 1 0 0 0 1 1 0 0 1 1 1 0 1 0 1 1 1 0 0 1 1 0 0 0 1 0 1 1 1 0 0
0 1 1 1 0 1 0 0 0 1 1 0 0 0 1 1 0 0 0 1 1 0 0 0 1 1 0 0 0 1 0 1 1 1 0 0

#Patrones del 1
0 0 0 1 0 0 0 1 1 0 0 1 0 1 0 0 0 0 1 0 0 0 0 1 0 0 0 0 1 0 0 1 1 1 1 1
0 0 1 0 0 0 1 1 0 0 1 0 1 0 0 0 0 1 0 0 0 0 1 0 0 0 0 1 0 0 0 0 1 0 0 1
0 0 1 1 0 0 1 0 1 0 1 0 0 1 0 0 0 0 1 0 0 0 0 1 0 0 0 0 1 0 0 0 0 1 0 1
0 0 1 1 0 0 0 0 1 0 0 0 0 1 0 0 0 0 1 0 0 0 0 1 0 0 0 0 1 0 0 0 0 1 0 1

#Patrones del 2
0 0 1 1 0 0 1 0 0 1 0 1 0 0 1 0 0 0 1 0 0 0 1 0 0 0 1 0 0 0 0 1 1 1 1 2
0 1 1 1 0 1 0 0 0 1 1 0 0 0 1 0 0 0 1 0 0 1 1 0 0 1 0 0 0 0 1 1 1 1 1 2
0 1 1 1 1 1 0 0 0 1 0 0 0 0 1 0 0 1 1 0 0 1 0 0 0 1 0 0 0 0 1 1 1 1 1 2
0 1 1 1 0 1 0 0 0 1 0 0 0 0 1 0 0 0 1 0 0 0 1 0 0 1 1 0 0 0 1 1 1 1 1 2

#Patrones del 3
0 1 1 1 0 1 0 0 0 1 0 0 0 0 1 0 0 1 1 0 0 0 0 0 1 1 0 0 0 1 0 1 1 1 0 3
1 1 1 1 1 0 0 0 0 1 0 0 0 0 1 0 0 1 1 1 0 0 0 0 1 0 0 0 0 1 1 1 1 1 1 3
0 1 1 1 1 1 0 0 0 1 0 0 0 0 1 0 0 1 1 0 0 0 0 0 1 1 0 0 0 1 0 1 1 1 1 3
0 1 1 1 0 0 0 0 1 0 0 0 0 1 0 0 1 1 1 0 0 0 0 1 0 0 0 0 1 0 0 1 1 1 0 3

#Patrones del 4
0 1 0 1 0 0 1 0 1 0 0 1 0 1 0 0 1 1 1 1 0 0 0 1 0 0 0 0 1 0 0 0 0 1 0 4
1 0 0 1 0 1 0 0 1 0 1 0 0 1 0 1 1 1 1 1 0 0 0 1 0 0 0 0 1 0 0 0 0 1 0 4
0 0 0 1 0 0 0 1 1 0 0 1 0 1 0 1 1 1 1 1 0 0 0 1 0 0 0 0 1 0 0 0 0 1 0 4
0 0 0 0 0 0 0 0 1 0 0 0 1 1 0 0 1 0 1 0 1 1 1 1 1 0 0 0 1 0 0 0 0 1 0 4

#Patrones del 5
0 1 1 1 0 0 1 0 0 0 0 1 0 0 0 0 1 1 1 0 0 0 0 1 0 0 0 0 1 0 0 1 1 1 0 5
1 1 1 1 1 1 0 0 0 0 1 0 0 0 0 1 1 1 1 1 0 0 0 0 1 0 0 0 0 1 1 1 1 1 1 5
0 1 1 1 1 0 1 0 0 0 0 1 0 0 0 0 1 1 1 1 0 0 0 0 1 0 0 0 0 1 0 1 1 1 1 5
1 1 1 1 0 1 0 0 0 0 1 0 0 0 0 1 1 1 1 0 0 0 0 1 0 0 0 0 1 0 1 1 1 1 0 5

#Patrones del 6
1 1 1 1 1 1 0 0 0 0 1 0 0 0 0 1 1 1 1 1 1 0 0 0 1 1 0 0 0 1 1 1 1 1 1 6
0 0 1 1 0 0 1 0 0 0 1 0 0 0 0 1 1 1 1 0 1 0 0 0 1 1 0 0 0 1 0 1 1 1 0 6
0 1 1 1 0 1 0 0 0 1 1 0 0 0 0 1 1 1 1 0 1 0 0 0 1 1 0 0 0 1 0 1 1 1 0 6
1 0 0 0 0 1 0 0 0 0 1 0 0 0 0 1 1 1 1 0 1 0 0 0 1 1 0 0 0 1 0 1 1 1 0 6

#Patrones del 7
1 1 1 1 1 0 0 0 0 1 0 0 0 0 1 0 0 0 0 1 0 0 0 0 1 0 0 0 0 1 0 0 0 0 1 7
1 1 1 1 1 0 0 0 0 1 0 0 0 1 0 0 0 1 0 0 0 1 0 0 0 0 1 0 0 0 0 1 0 0 0 7
1 1 1 1 1 0 0 0 0 1 0 0 0 0 1 1 1 1 1 1 0 0 0 0 1 0 0 0 0 1 0 0 0 0 1 7
1 1 1 1 1 0 0 0 0 1 0 0 0 1 0 1 1 1 1 1 0 1 0 0 0 0 1 0 0 0 0 1 0 0 0 7

#Patrones del 8
0 1 1 1 0 1 0 0 0 1 1 0 0 0 1 0 1 1 1 0 1 0 0 0 1 1 0 0 0 1 0 1 1 1 0 8
0 1 1 0 0 1 0 0 1 0 1 0 0 1 0 0 1 1 0 0 1 0 0 1 0 1 0 0 1 0 0 1 1 0 0 8
1 1 1 1 1 1 0 0 0 1 1 0 0 0 1 1 1 1 1 1 1 0 0 0 1 1 0 0 0 1 1 1 1 1 1 8
0 0 1 0 0 0 1 0 1 0 0 1 0 1 0 0 0 1 0 0 0 1 0 1 0 0 1 0 1 0 0 0 1 0 0 8

#Patrones del 9
1 1 1 1 1 1 0 0 0 1 1 0 0 0 1 1 1 1 1 1 0 0 0 0 1 0 0 0 0 1 1 1 1 1 1 9
0 1 1 1 0 1 0 0 0 1 1 0 0 0 1 0 1 1 1 1 0 0 0 1 0 0 0 1 0 0 1 1 0 0 0 9
0 1 1 1 0 1 0 0 0 1 1 0 0 0 1 0 1 1 1 1 0 0 0 0 1 0 0 0 1 0 0 1 1 0 0 9
0 1 1 1 0 1 0 0 1 0 1 0 0 1 0 0 1 1 1 0 0 0 1 0 0 0 1 0 0 0 1 0 0 0 0 9







